31442
4868
10310
22591
23330
11513
12930
10151
30968
9791
12934
1096
19454
2
26213
5315
8705
20760
10501
24290
29598
15427
7220
31760
15784
3066
2339
31201
22127
31799
19320
1053
5
6797
16222
31322
15480
20809
24291
27061
8815
12938
18845
28291
24406
14352
6857
12186
18093
31861
8313
2003
14058
24384
29206
26992
20616
26507
9312
15558
3155
6285
16761
31204
30949
17138
10807
15944
28380
18778
22110
2624
20002
30814
443
29888
19440
11664
2666
25966
1136
4489
1676
25688
4825
20758
25162
2418
11696
27831
5032
26976
29654
28625
18647
15348
30637
1803
11170
24846
6390
27433
5013
1467
16848
16686
20151
13481
19241
25358
31344
10347
30263
1245
4556
20297
13443
23855
22395
17701
14998
27828
16253
5316
18653
23231
823
4744
5709
2026
19462
1949
12104
23594
24809
10656
12953
1570
21898
32676
17042
24793
27224
26366
1047
7619
22380
23907
28787
1947
15557
21675
20816
19805
5454
14256
25239
16302
26796
445
167
16497
14167
10902
4390
19847
23952
23695
1931
8574
15684
8213
23426
1039
11896
21208
26892
31485
32111
32212
17891
27573
18194
26602
10277
23648
10039
20673
21354
14400
13169
3212
19854
12680
27031
4137
24768
20373
22880
25632
17459
4964
27082
27968
9304
26306
1592
24382
22795
6357
2921
4033
16671
7114
30164
9188
477
31
9264
7602
18661
9508
2914
19357
26467
12125
29753
17350
6673
25746
24756
15325
19955
9433
23543
18788
12276
21756
2732
32009
963
30521
20424
15754
297
257
7184
9514
29531
21364
20197
4062
7852
22512
11752
18367
11538
14995
8386
21882
29435
19408
30366
2613
27727
12884
3257
17578
25091
10403
25417
16071
1234
25667
17879
13948
11816
17057
6132
5558
20126
29258
20025
9773
24826
17173
31207
2742
27722
5738
18388
15902
1592
23014
28276
4753
8769
9688
19892
23795
23294
16932
424
14571
22710
20071
1624
30174
13419
7796
30198
24230
4488
7304
20513
26734
10764
27757
22226
2667
23044
4084
17186
9737
15445
27981
5356
32162
18244
3178
13465
14998
759
5487
12667
31218
5004
28991
12456
18057
117
30811
29079
20723
18878
23233
14205
10668
4850
24042
1551
9330
30379
13172
4504
23409
13648
28079
14625
21161
15083
21576
14664
19862
24782
15827
17623
28465
223
18264
14724
9629
12668
21650
9595
6278
689
26252
22599
2741
28298
19740
18683
23188
17281
3363
18539
18102
20310
3570
32517
15053
8899
17599
2893
19920
5666
26978
21410
20973
22885
30289
15955
16704
26700
17162
28963
11325
13066
16010
189
22172
18443
3230
12924
11134
19496
20336
21930
19160
3214
29962
20650
7862
8476
6740
31796
2067
30620
29789
6941
8535
27761
9784
26643
20171
8849
3315
963
24663
24376
25631
17165
30548
23096
27735
229
16578
27869
24671
