6387
30612
23612
18945
20292
8634
13386
10897
21968
17393
29420
9751
22493
23635
15450
2775
31985
14683
15376
22306
12902
32299
30677
28887
908
30194
24547
14975
17809
19440
30508
12003
28769
9473
27874
10914
20156
23442
26594
787
3126
3062
2964
27345
27846
22953
26615
21838
3403
21108
22308
8769
3033
1448
4783
20026
4795
26806
20090
30147
15139
7476
16910
2137
2754
25837
32263
29853
25122
14008
12331
6293
28304
25763
11106
28832
31590
16945
25017
31553
29879
8500
4398
27857
18453
18291
25166
424
8655
18935
29704
18205
23409
12069
15245
24432
14637
10819
6980
9084
28044
5703
16154
19083
8656
8527
19650
2467
10133
19349
10828
18628
16988
11411
8946
20842
5913
2694
5351
29846
16475
4930
4982
28311
18571
970
26423
16210
32403
17248
19105
19065
23573
24877
18915
21844
1725
18810
32306
30113
5518
23470
16528
20718
6840
26811
16732
26487
2646
14429
